feature_1,feature_2,feature_3,feature_4,feature_5,class
0.3745401188473625,0.6981617140197451,51.777010009332535,100.66770452391141,-1.4063174636718339,C
0.9507143064099162,0.5360963663441204,36.64655641289899,99.23765081809728,-0.08310557262869477,B
0.7319939418114051,0.30952761628632774,53.801978510059634,103.54054338344295,-1.5047203740310022,B
0.5986584841970366,0.8137950197069487,56.10585745283823,104.78351158397292,0.7600559636896026,B
0.15601864044243652,0.6847311725538793,55.5979044793104,96.07005269746026,0.08243975293450329,B
0.15599452033620265,0.1626169393448913,60.807807255546216,93.3438352322111,-1.4575514994649306,A
0.05808361216819946,0.9109271844938425,58.33922154548904,90.81897313448351,-0.30920907704986345,A
0.8661761457749352,0.822537242923169,54.59180079228437,102.53995663456271,-0.7521564055905832,C
0.6011150117432088,0.949799913291924,49.29834288541353,94.48316696913064,0.31917451041918043,C
0.7080725777960455,0.72571950838836,33.39039066484008,89.23554703523759,1.3404504460231446,B
0.020584494295802447,0.6134151959357899,54.296182191325855,101.94289302265481,-1.8751724696457446,A
0.9699098521619943,0.4182430362906189,52.076876871631114,112.46499758716395,0.11502607914741717,B
0.8324426408004217,0.9327284833540133,52.715788371953735,99.96964544230053,-0.1601327955666404,C
0.21233911067827616,0.8660638895004084,37.232514241796906,104.19245387225821,0.6713400764504657,C
0.18182496720710062,0.04521867010618941,39.189434595917376,100.40914679273783,0.21319662823768915,B
0.18340450985343382,0.026366974497252005,60.53152853332904,99.50555173404429,-0.7519693317388191,C
0.3042422429595377,0.3764633668780496,49.60444846143345,104.59538241493884,-0.31905393566661816,B
0.5247564316322378,0.8105533307818329,56.81500697372624,98.54862727905675,-0.796025856803489,A
0.43194501864211576,0.9872761293149445,50.28318376130461,101.33696157035952,1.0760071385985983,B
0.2912291401980419,0.15041689110352818,50.297561394957455,101.60848903098007,0.02131164867194222,A
0.6118528947223795,0.5941307153521351,59.382838059759976,96.65954773178476,1.9011906857530074,A
0.13949386065204183,0.3808908566310215,44.83955271782626,104.96021174768262,-0.060660813814620775,C
0.29214464853521815,0.9699143978146032,50.96120776940983,99.12520121652295,-0.7084067669104628,C
0.3663618432936917,0.8421189231357087,45.377247112949576,96.22127420253578,-1.5137143926128271,C
0.45606998421703593,0.8383287047111379,45.65503772567684,102.68254921785201,-1.803139676255945,B
0.7851759613930136,0.4686931597949703,46.908278765313604,95.50766009104481,-1.5841359430054898,B
0.19967378215835974,0.4148195023376652,52.22133771633713,100.14090578684564,0.2671266510114834,C
0.5142344384136116,0.27340707193070624,45.212513783365225,99.95440501677898,0.5087250232299338,B
0.5924145688620425,0.056375496650927115,62.55756125573521,105.42947782915789,-1.5811907020321334,C
0.046450412719997725,0.8647223762550532,41.05392697780496,102.37349116439977,0.8950383140761154,B
0.6075448519014384,0.8129010091300776,48.13128355838641,99.87486520627428,-0.4830610516834395,A
0.17052412368729153,0.9997176732861306,45.60268941725825,104.08883149600143,0.14679301198554937,A
0.06505159298527952,0.9966368370739054,64.46977884353733,106.95103774508657,1.6122206282554243,C
0.9488855372533332,0.5554317056026274,51.965547765115744,102.78905153175931,0.8968393158655319,B
0.9656320330745594,0.7689874151805105,60.31844539468635,100.0517630992169,-0.2685306479058323,B
0.8083973481164611,0.944765729882428,35.14439626963028,93.4408188382492,-0.8911922254152874,A
0.3046137691733707,0.8496473906774115,52.67050265869259,94.67443168462313,-2.151815401329305,A
0.09767211400638387,0.24734810174319766,58.89630795623437,98.47387647822666,-0.7191533192424201,C
0.6842330265121569,0.4505441353100935,50.82283989275424,96.95243898920359,-0.21113023882769444,A
0.4401524937396013,0.12915941515149498,60.654803750653514,99.06514348507277,-0.987179527151184,C
0.12203823484477883,0.9540510272587224,44.82711549899628,100.28324962448553,-0.13125696709230472,A
0.4951769101112702,0.60617463445088,64.0934744018558,102.64846377178365,0.07685188295876821,A
0.034388521115218396,0.22864280550346272,72.9889812361925,99.64750610970454,-0.22485598180807856,B
0.9093204020787821,0.6717006844058567,46.37161439560341,102.43250821913101,-0.6500025808234597,A
0.2587799816000169,0.6181282404578958,45.54497478599228,100.3223720740506,0.16865467196672768,A
0.662522284353982,0.3581627180328405,64.533844771177,90.12266716823065,0.44194064956940904,C
0.31171107608941095,0.11355759219962902,65.79572145730712,95.30332303090623,-1.090399077442846,A
0.5200680211778108,0.6715731955927996,44.771399728467316,99.27956222139193,1.41093237974627,C
0.5467102793432796,0.5203077009037933,45.798131829041424,93.95152628579446,-0.09858813228426173,A
0.18485445552552704,0.7723183917356393,47.18215391139493,102.99964364998102,0.018849622944847662,A
0.9695846277645586,0.5201635011119934,36.555494889657226,107.65375416171848,0.7082144232565571,C
0.7751328233611146,0.8521815003185401,40.81348053515802,106.09380925848659,0.23321613126350166,B
0.9394989415641891,0.5519068387744855,39.95859233247932,98.93278564534896,0.9531366339132451,C
0.8948273504276488,0.5609379715353863,42.32202434895871,107.45363068424976,0.2871241652018242,C
0.5978999788110851,0.876653602658345,49.65315112613219,100.74333728601056,-0.6124373746404379,C
0.9218742350231168,0.40348286621239704,52.342147325365204,98.3145701444098,0.36150352520610163,B
0.0884925020519195,0.13401522845064073,65.50500492814076,96.93298668229531,-1.1437262073206618,A
0.1959828624191452,0.028782676313338973,40.016459592612094,98.48765156755935,0.10855970577652314,C
0.045227288910538066,0.755137255673619,59.843223984765835,98.05911590729386,-0.0332299906444608,C
0.32533033076326434,0.6203095513534647,47.86011155774491,100.85208111187744,-0.2081168572725397,B
0.388677289689482,0.7040797680992236,49.50536290347567,100.80286990524932,-0.12853751143893075,C
0.2713490317738959,0.21296416150891073,56.74819492166604,100.01523010076707,-1.881849045497639,A
0.8287375091519293,0.13637147558676976,38.772779784377015,102.18469084873175,-0.5487249077409615,B
0.3567533266935893,0.014544665667881929,53.82409746184051,105.9532313739317,0.09284490114111471,A
0.28093450968738076,0.350587558806597,51.66452208213056,104.74777067720662,0.15985639199740037,A
0.5426960831582485,0.5899176868546331,54.92451264008149,92.57551015775049,-1.0276751409259581,B
0.14092422497476265,0.3922440450997323,52.89168643907818,87.23039432549022,1.2657078408647007,C
0.8021969807540397,0.43747492202372906,74.55300139910895,104.67159955619637,-0.8661748482145009,A
0.07455064367977082,0.9041586944937484,43.62260015748684,93.16560650792289,0.9694572005267368,A
0.9868869366005173,0.34825546702330035,44.690030449981826,98.87617299053659,0.42719436187168486,A
0.7722447692966574,0.5139894891598108,43.76859473575236,94.1494348697032,-0.646227309843803,A
0.1987156815341724,0.7836530127411431,44.44522880839745,90.9900978120999,1.775310892609512,B
0.005522117123602399,0.39654278232127016,43.62612872693482,102.70731364102394,-1.19363683175648,B
0.8154614284548342,0.6220867002278735,61.89016531107552,103.79577580151323,0.9191541736100015,A
0.7068573438476171,0.8623637087467452,64.20504247989855,97.11744799636641,1.0005823180429783,C
0.7290071680409873,0.9495206236576421,44.29253706250524,87.04478853927546,-0.6706202090766449,A
0.7712703466859457,0.14707348092903794,41.67644426895771,97.26877775873758,1.3924653000643288,C
0.07404465173409036,0.9265876251614944,54.71415556386404,101.95902002701273,-0.2500465145989528,A
0.3584657285442726,0.4921162930795382,44.477769557190285,92.60544215612936,0.28869362927985703,C
0.11586905952512971,0.25824438829895835,56.32931817755511,100.91679959889578,0.2603218387712207,A
0.8631034258755935,0.4591357562382613,52.029230208513,99.92345075413502,-0.1343087414705478,C
0.6232981268275579,0.980032575285477,34.84255885002768,102.89645749800545,0.8108082731597821,A
0.3308980248526492,0.4926180939928696,65.47505201330061,100.59790184207077,0.793488720552213,A
0.06355835028602363,0.3287516102875082,67.95877673095522,95.13465529559222,-1.7485319732381808,C
0.3109823217156622,0.6334008543167258,43.87211309515614,105.98285750832245,1.3043402428781525,B
0.32518332202674705,0.24014561877819307,46.122984400640156,99.20735213486515,-1.6624919880356743,C
0.7296061783380641,0.07586332810866392,52.85865390724905,99.86347730245033,1.0325462043416573,B
0.6375574713552131,0.12887972191064923,53.34456789987025,95.33366020463401,1.1267051368275833,A
0.8872127425763265,0.12804583895777244,56.5854427267283,97.78358874404245,-1.0909664302151982,C
0.4722149251619493,0.15190269351229435,70.1020453876635,95.5759864298655,-0.4108142879545848,C
0.1195942459383017,0.13882717264941014,48.2305277250595,99.13526970038288,-1.1057046684859357,C
0.713244787222995,0.6408747448032146,42.01702755461546,108.55854240071172,-0.21492103028873533,B
0.7607850486168974,0.18188008439914483,36.20680771985473,93.14049428534322,-0.30803428418574125,B
0.5612771975694962,0.3456672833238632,42.69069960058081,91.93219301061629,0.7796605322693398,A
0.770967179954561,0.8967884099060118,49.66873027126203,107.35585163746805,1.3103087461196083,B
0.49379559636439074,0.47396164026287235,67.94557863517788,98.95338161424067,1.395683810789956,B
0.5227328293819941,0.6675577385210272,44.823887009638284,96.65463630670041,-0.5621680265783021,A
0.42754101835854963,0.17231987120162984,52.237879516388986,105.19952343698039,-0.20922187374452778,C
0.02541912674409519,0.19228901880867078,49.83577103927248,96.97192230131569,-1.6834381922209503,C
0.10789142699330445,0.04086861626647886,61.88393273448084,109.13004856773468,-0.8058700664961888,A
0.03142918568673425,0.16893506307216455,75.26932425873622,103.38962935669635,0.9648516330974576,C
0.6364104112637804,0.2785903390319586,44.69131227079679,97.56044295927148,1.6155828235482317,B
0.3143559810763267,0.17701048427674682,45.10560557481778,110.78654106632752,-1.234348871879922,A
0.5085706911647028,0.08870253375705561,60.44160877069072,96.9714253849833,-0.5924642591528942,A
0.907566473926093,0.12063587110060081,56.81891489626312,103.71047686004654,-0.02640575695892703,A
0.24929222914887494,0.46077876803272577,68.46707325736034,101.49646290203246,0.2801611588196068,C
0.41038292303562973,0.2063337184057925,55.839281853259635,106.50870644699398,-0.8096035199216461,A
0.7555511385430487,0.36426986104807546,46.40707909212941,107.80755598363426,0.4240610444640897,A
0.22879816549162246,0.5034172708548569,55.90654830692309,100.16002074532884,-0.47383934707091613,A
0.07697990982879299,0.6903948286293653,61.087035805829075,96.23291064826908,-0.014452270878279104,C
0.289751452913768,0.039312139841098936,58.204821811973645,102.29986071469558,0.5462842480036996,B
0.16122128725400442,0.7994103989090426,55.07274031107298,96.61142315123946,0.0064222698109378164,A
0.9296976523425731,0.6279003894909078,60.666746895891535,110.06693623763312,-0.4363858905265686,B
0.808120379564417,0.08175903194887191,61.692955904456724,100.68267665541369,-0.10960980392583083,C
0.6334037565104235,0.8735786241067772,63.82158991037527,98.17339224343945,-0.08836295920533532,C
0.8714605901877177,0.9208724005318132,56.48709887589643,100.92340152932454,-0.3700110298821277,C
0.8036720768991145,0.06107795985486375,48.328819196831454,93.26436855235151,-0.25879606266710237,C
0.18657005888603584,0.2768776481472037,51.46713686433323,95.14192980744674,1.598647170504717,B
0.8925589984899778,0.8062012797930613,62.06508966508357,106.00206953972213,0.5609194479412387,A
0.5393422419156507,0.7482596903836584,41.83064329012764,96.71552860514302,-0.29548031802916036,C
0.8074401551640625,0.18452101935637732,53.686733088729014,94.7654450865903,0.6969544045107356,C
0.8960912999234932,0.2093493233367103,46.06661187672639,102.68326376263643,-0.33381948975600995,B
0.3180034749718639,0.370472102791382,50.28744822934817,105.92852077331499,1.1731246375866413,B
0.11005192452767676,0.4845229851910213,62.78451862607299,103.59476655332533,0.3696421921980939,C
0.22793516254194168,0.618254771530296,51.910990680199035,104.98023842902909,-0.10730214400422888,A
0.4271077886262563,0.3689136395697724,50.46436548156149,96.21602455715269,0.4477169258102776,A
0.8180147659224931,0.4625347161331479,36.40143859020081,92.89094666629079,-1.5708761520684993,C
0.8607305832563434,0.7474709381337565,57.46253566027221,107.50666825977743,-1.1267674689098053,B
0.006952130531190703,0.0366832028905979,56.45484181141075,98.38660080578933,-1.1939250063990554,C
0.5107473025775657,0.25243694434402075,71.6325472330546,98.74583491772476,0.14294309476370676,C
0.417411003148779,0.7133495858845524,46.92221765046999,106.6409707092453,1.732514999485092,B
0.22210781047073025,0.8952068376871993,52.19150327663939,102.7811500470033,2.2313001461926323,C
0.1198653673336828,0.5116774421156661,52.49383683710755,102.27943886040804,0.6380511014407572,C
0.33761517140362796,0.5321134852653157,65.77453279763475,110.82501172450542,0.5008444749444569,C
0.9429097039125192,0.10717201133977605,49.047044676130476,96.78240884809928,-1.801057734152739,B
0.32320293202075523,0.44741236682345464,52.790215257703395,104.63920064040619,-0.5426737997340217,A
0.5187906217433661,0.5326172664550232,56.078965097165394,100.28506562448543,-0.7877837519082389,A
0.7030189588951778,0.24247050363472966,51.86609123156358,101.34296139431629,-0.620847598251116,B
0.363629602379294,0.26924323094938096,45.535663854494715,107.64234213206265,-0.1681438185847896,A
0.9717820827209607,0.37728416310462265,51.94089992898308,102.53917878144811,-0.47209057769712737,C
0.9624472949421112,0.02007119777772637,60.73631749859772,102.69148039524816,-1.9792998103757877,A
0.25178229582536416,0.3220791655831783,39.7348470058894,105.362536686549,0.7479102561175338,C
0.49724850589238545,0.21144800699654465,51.32969674146876,98.17523635228558,-1.0727430257398065,A
0.30087830981676966,0.32749735217791465,42.99879185060827,95.80395166330497,0.23924686411114954,B
0.2848404943774676,0.11976213181925122,61.950466289248425,94.77595402989483,2.0740826697499735,A
0.036886947354532795,0.890527280739895,34.76813095216225,90.16821705311999,-0.9193845915864234,A
0.6095643339798968,0.5935924535540487,44.410781527284115,110.28103564970161,-2.5302875227463297,A
0.5026790232288615,0.6791023191444896,53.772118750645205,94.48395817139158,-0.2860042218801108,B
0.05147875124998935,0.7891712386073383,65.65524029234341,98.89373188207114,1.100959634998571,A
0.27864646423661144,0.4984421989290573,49.34249738927012,98.6159335005554,1.9583474542205939,B
0.9082658859666537,0.08692028808742369,44.44800473306802,101.5370334890455,-1.2295495944524168,C
0.23956189066697242,0.5371065418185478,68.8115706944059,104.07868606269648,0.4966992232365217,A
0.1448948720912231,0.5868411180208791,35.51986099583756,104.30236744179872,-0.46531045678005334,B
0.489452760277563,0.74543947418433,28.011940433799182,97.08461280715531,-0.10594835430413566,B
0.9856504541106007,0.4316595462296794,54.40014450053332,99.16439143106794,2.6443433470170348,A
0.2420552715115004,0.12758030279556376,44.97945775647389,101.4128997524415,-1.5029703283951532,C
0.6721355474058786,0.28377590579872447,39.787671828692865,98.75654436908226,0.25373966149457344,B
0.7616196153287176,0.3630822963986351,57.08356447299353,108.03672788009996,0.4676931717654332,A
0.23763754399239967,0.6459172413316012,52.43800713771199,102.45487475819125,1.0857863249393471,C
0.7282163486118596,0.5707783046689119,44.359213692632714,103.67438893024908,0.09798315347089544,B
0.3677831327192532,0.35609672589784624,37.19695601329106,103.31440634333707,0.3080505395041023,B
0.6323058305935795,0.9865152487929797,58.724573282801444,105.86736928742663,-0.3916485674217911,C
0.6335297107608947,0.6057748193568872,56.50201177958661,100.90510779351854,0.26912694124510733,C
0.5357746840747585,0.23722679173599448,49.00824136220617,93.51584026022077,-0.3431922754974105,A
0.0902897700544083,0.10178247262040374,68.46636996047665,101.99843975876321,0.6215718898560508,A
0.835302495589238,0.15285913918433203,39.29915233673847,96.74321553104086,-0.36961033604363397,B
0.32078006497173583,0.24595772838450813,34.74474829075261,97.35691659125122,0.37710039390218647,C
0.18651851039985423,0.16068137325955567,43.080919301187556,102.93182009377547,-0.029262813684978354,C
0.040775141554763916,0.18656702405130576,49.54413983644502,106.19141535716818,1.1260502507721681,C
0.5908929431882418,0.2850951686938471,52.43339449322692,100.1063578836803,-0.05139372358848624,B
0.6775643618422824,0.17337359529475482,47.5876394214367,101.54416506299482,-1.7730324682068814,C
0.016587828927856152,0.8967654246264252,53.520553965142966,108.5110747231762,1.2619215007139917,C
0.512093058299281,0.08023374566164221,37.48460575809556,101.20376589744284,-0.9057323008626189,B
0.22649577519793795,0.5245113895702547,64.4376460407326,113.00841557090197,-0.6537663386488198,A
0.6451727904094499,0.4103968269896615,49.178488216074314,102.82754822815772,-0.5956612940434921,A
0.17436642900499144,0.9823786169086064,61.172958315881274,91.19618620422091,1.3744380931708173,B
0.690937738102466,0.11203890216805235,53.42725346377704,103.76670810552267,-2.1356742139786955,C
0.3867353463005374,0.39785559904574164,54.567532191537836,101.90579192441389,3.1377485336599937,B
0.9367299887367345,0.9694704332753689,55.69767280232204,106.44876377041373,1.0560568090660518,A
0.13752094414599325,0.8655071258939803,54.47708560017315,103.36590675634979,0.22323891412915967,A
0.3410663510502585,0.8170720709492799,56.42722759867544,99.30772008008113,-0.05489400061628639,B
0.11347352124058907,0.25790282704493983,63.29152530132431,93.87850881855317,0.28555407485765694,B
0.9246936182785628,0.17088758739006582,51.9652116970147,98.95488371356987,0.5211224283793383,A
0.877339353380981,0.668643219924431,57.09003757588512,95.7473977289535,0.645215585950057,B
0.2579416277151556,0.9293759891275858,49.102643057127736,97.09738275097638,0.5556044660034485,A
0.659984046034179,0.5567628930139298,64.40117215449473,102.94289202210305,0.08958068125524882,B
0.8172222002012158,0.5716126894698998,43.2360769794073,108.34952252175702,-0.1973384203073261,B
0.5552008115994623,0.2799790936602842,68.00940432910815,101.9733576491149,-0.1512732836535117,B
0.5296505783560065,0.7694929331919369,49.59842049355657,94.02058468982408,-0.194908280352681,A
0.24185229090045168,0.18704374855752337,35.69224897881952,102.22301334110071,1.1337700968670645,B
0.09310276780589921,0.3236792364042437,51.28104414910789,105.98315743322826,0.5935567222808619,A
0.8972157579533268,0.4254364386164168,43.18948342525119,96.95108547840309,-2.9403886346642802,A
0.9004180571633305,0.507610378684455,58.406435489887244,99.3299141666354,0.655900776529761,B
0.6331014572732679,0.24240973241508024,43.47376020697609,100.07344097364599,0.19473619471877485,B
0.3390297910487007,0.11483682473920354,45.538165667852205,96.0755084345888,-0.018708756445897416,A
0.3492095746126609,0.6106200424416326,31.104592690544692,103.2414021692193,-0.38851845308888583,A
0.7259556788702394,0.28863055324025577,45.47693680750923,99.3952592569611,1.1241127199860135,C
0.8971102599525771,0.5812382214226123,25.761206733710434,102.09766221953514,0.9475264621228578,A
0.8870864242651173,0.1543627152742023,34.16097176514277,95.5625391109895,-0.7728776678236091,C
0.7798755458576239,0.4811401018548175,57.604146561442974,97.81270849838295,0.4070522871245351,C
0.6420316461542878,0.5325894325515859,57.85800158650832,103.61190678913886,-0.971656734541286,C
0.08413996499504883,0.05182353682242691,54.254575617849646,98.13583423954117,-1.3796181647889305,B
0.16162871409461377,0.3366042781939206,40.33023856870787,108.63481925616702,-0.6267172245899651,B
0.8985541885270792,0.13441467693897424,49.5228864385802,98.00181907192699,0.8623934723827588,A
0.6064290596595899,0.06337497047276774,49.963974609094315,101.12342362875943,0.9531250453760867,C
0.009197051616629648,0.9899602323899452,38.416353108074574,104.66295415936546,0.513085420097293,B
0.1014715428660321,0.32235384497472297,65.0339830176715,92.90817133533484,0.7250957868479971,B
0.6635017691080558,0.8098744458546349,58.77362290575671,91.19595594009613,0.5161782871149584,B
0.005061583846218687,0.25464065476376385,47.79035826170336,92.37171842714953,-0.6414815952229522,B
0.16080805141749865,0.6815027222239293,50.26885838994531,106.31292051713591,0.43192254467394064,B
0.5487337893665861,0.7602278598896866,52.08382807947552,97.24070927053776,0.8004095252276823,C
0.6918951976926933,0.5956387406078443,29.582651315757094,112.79099642834126,0.7542913298135743,C
0.6519612595026005,0.47157618855015837,47.52822617479403,97.17876200671306,1.188913371474643,C
0.22426930946055978,0.41184091414726853,43.180157520022014,100.92275651598518,0.7083038472010638,C
0.7121792213475359,0.3488682665429953,39.983799901050844,107.71054976283938,0.3514482075415829,A
0.23724908749680007,0.9295291442478258,47.18899707114045,110.03046444079561,1.0701502383164274,C
0.3253996981592677,0.8306194077877291,67.97686526849523,110.30751788318199,-0.026521259249060063,B
0.7464914051180241,0.9650269106665126,56.4084286126701,106.04183115296571,-0.8818746512277178,C
0.6496328990472147,0.12429722348554473,44.28821010217203,105.12031262905731,-0.16306696394376388,A
0.8492234104941779,0.7308674752036443,55.72582781356159,102.96263474600592,-0.7449026448064491,B
0.6576128923003434,0.9383404568210378,63.99355436586002,103.89180538083319,-0.6751782749743815,C
0.5683086033354716,0.18123306616566015,59.246336829127685,97.24407141835734,-0.14451867071551783,C
0.09367476782809248,0.0664962673667775,50.59630369920174,95.90900558288847,-0.7924199209999613,C
0.3677158030594335,0.741120649290059,43.53063222294426,99.98312771294523,-0.3079615296390403,B
0.26520236768172545,0.5744731131799119,56.982233136135896,99.14907688737536,-1.8936146669537857,B
0.24398964337908358,0.8418287767582721,53.934853854217494,97.73385975336362,0.21329370737293857,A
0.9730105547524456,0.1397723766262895,58.95193220027733,103.48193723728357,0.0012054753622242368,B
0.3930977246667604,0.7952673118598902,56.351718016819696,104.77652604285255,-0.8170886310681906,B
0.8920465551771133,0.20162732004774453,60.49552715319335,100.44203443145923,0.6592456684324051,C
0.6311386259972629,0.1636559428657045,44.64764788439432,107.3876504052763,0.9375701376265584,B
0.7948113035416484,0.16426579793099294,63.173940656343255,94.29155442933248,-1.6075598643689741,C
0.5026370931051921,0.8145747202313821,51.975996046923996,99.03170270360141,-0.7627247785662142,C
0.5769038846263591,0.6651972206962001,70.75260872625265,96.41588839698598,-0.7691423497872982,B
0.4925176938188639,0.5230654247691193,43.10812181910432,90.6673169146347,-0.9399031011088647,A
0.1952429877980445,0.3588304841235025,67.3596380316525,99.5865965707865,0.8294748419317485,A
0.7224521152615053,0.8772005408131083,51.979107834626475,99.39126245808359,-0.19382613877280352,B
0.2807723624408558,0.3924451074226354,43.48581996385552,107.56724871621066,-0.26451484131061076,A
0.02431596643145384,0.8165994394715771,45.16114165945678,103.15405842277389,-2.0038623644067535,C
0.6454722959071678,0.4391349085702184,46.7965269180568,94.87906587835397,0.6354180302092264,C
0.17711067940704894,0.3769444294249076,54.241659464019165,109.27046283167094,-1.2392583948534726,B
0.9404585843529143,0.46267978566960644,55.228354880355,106.10516847762676,0.05993263026632825,A
0.9539285770025874,0.3013778741641421,44.26299996061421,102.91048851734308,0.2773769379581917,A
0.9148643902204485,0.7476093801762511,49.756454077390174,98.86757950575084,1.360658595838651,C
0.3701587002554444,0.5027203900924792,71.42270358611864,95.2028038163826,-1.308820399119112,B
0.015456616528867428,0.2322126951468173,67.27543170100711,98.13896611964473,-3.0195121558208253,A
0.9283185625877254,0.8995745732745685,54.36323669674032,105.44374309852093,0.18384954475369486,B
0.42818414831731433,0.3838912213732114,50.380034781682,109.42293152967305,1.8005111815108537,A
0.9666548190436696,0.5435528611139886,51.200313267182615,107.71621764136094,1.2389463529394373,C
0.9636199770892528,0.9064721109645469,56.13517972730416,97.55575289106864,0.20965941527462578,C
0.8530094554673601,0.6242379959139921,39.77207434801595,94.40191283355495,-0.49163618563204736,B
0.2944488920695857,0.11689804070836407,47.42623462576655,100.70443123455603,0.8071225966373103,C
0.38509772860192526,0.9398321236134751,33.314159261224106,91.15780317218574,-0.9735461997044687,A
0.8511366715168569,0.6277080530714179,53.992231226052795,101.61583857092391,0.47635776935621926,C
0.31692200515627766,0.3349056146570861,56.47195939702741,99.26198706850666,0.5054701591666269,B
0.1694927466860925,0.13927207266338726,45.16813537700626,97.66981749065879,1.0602099074988798,B
0.5568012624583502,0.794025189270296,65.73986763290033,92.02648466366603,2.7596600389110777,B
0.936154774160781,0.6200727559285135,37.74234336997659,102.56800053284859,0.39241596717876703,A
0.696029796674973,0.5334610919763215,35.3562511979018,97.33649580169045,-0.5089636257074988,A
0.570061170089365,0.8938925830509576,52.24451818559972,94.15041582144856,-0.025574312191994436,A
0.09717649377076854,0.7885972112245307,60.470983026121544,85.63868893359175,-1.7690759048891183,A
0.6150072266991697,0.15167487973275118,66.83927691457869,99.86242547474681,-0.6947131310890582,A
0.9900538501042633,0.31172206779554823,45.4111573713106,108.86125798334872,-0.409282438113104,C
0.14008401523652403,0.24848913981446574,60.78680833431296,108.30629607273934,-0.5240883979345925,A
0.5183296523637367,0.743946292572677,49.61491530499293,97.71451871706864,0.152354872033722,A
0.8773730719279554,0.03353243473577938,48.273727000591805,96.9889396981911,-0.8224199323822006,C
0.7407686177542044,0.5698896848713165,58.83659937486672,102.34387128037511,1.1210306673244714,A
0.697015740995268,0.7624586857406905,56.5232287841342,95.00807280405854,0.00020706491819709385,B
0.7024840839871093,0.8767656367617495,34.236078430157505,101.50895949909733,-0.009300321138614417,A
0.35949115121975517,0.34208174871590746,64.76540349725896,103.83040139192344,-0.32789471651291785,A
0.29359184426449336,0.8212573046720129,63.800913541474515,106.13466611942154,0.15519068385897913,B
0.8093611554785136,0.11063173695520723,43.74437298490471,99.49922961760024,0.8250982646676347,B
0.8101133946791808,0.8464522917345182,53.95803533437409,98.98163124911517,-0.8671302157109003,B
0.8670723185801037,0.12748866233198242,54.94030186282739,95.61008706621719,-0.6581164890752567,B
0.9132405525564713,0.39728729056036727,52.60673765823907,95.8655982298007,-0.30372602877666466,A
0.5113423988609378,0.7972953657795536,44.4969484615458,98.86760554049236,-1.345870923473215,B
0.5015162946871996,0.14991742734877378,43.283766320619485,101.8368275340809,-0.8192578597214978,B
0.7982951789667752,0.22925139523264149,49.744459290085544,104.56792313116625,-0.47622087354465903,C
0.6499639307777652,0.7222525683930663,61.72729019259364,95.98410524659828,0.8743891807127275,B
0.7019668772577033,0.7200365365460744,55.43600154594432,107.46344284479761,0.26256132900192497,B
0.795792669436101,0.6411476328852973,46.29385667913894,98.64438199478715,0.19358991136754436,C
0.8900053418175663,0.6939484444671,57.716987106483444,99.89316352825782,0.8508979621679722,C
0.3379951568515358,0.5427244433475962,21.514573793699245,96.26394160426088,-0.13737178839939665,A
0.375582952639944,0.25179905890695276,61.48765700372103,87.8787986986353,0.3904648499288896,C
0.093981939840869,0.34569599350391944,32.60286221221901,104.42022698180524,-0.10322175293249623,A
0.578280140996174,0.18159771680142567,46.37559058596868,103.68421948546217,0.26536234939962844,C
0.035942273796742086,0.9084505613336283,38.803301053738565,98.59336221440893,-0.5827586576115821,C
0.46559801813246016,0.5833917947661205,37.053185242790946,100.33495358612436,-2.438817158276429,A
0.5426446347075766,0.4008514167636399,61.608267873785195,102.57969608852049,-0.13427916218630415,C
0.2865412521282844,0.4620058036441327,45.32298798688109,92.18727071556728,1.42274813609994,A
0.5908332605690108,0.9472833396118153,53.46503881730716,97.35473661326853,0.9262154022415924,C
0.03050024993904943,0.1533514031160802,49.53079421120816,103.97132339810913,0.9653974845911707,B
0.03734818874921442,0.5862298320167972,54.770408272231215,93.72855288415376,1.2361307218062179,C
0.8226005606596583,0.505888678884466,50.768218910602556,101.46778966083315,0.08865759096143744,A
0.3601906414112629,0.6114542354346478,37.1700777581143,93.21709097688297,0.1973157074055956,C
0.12706051265188478,0.01811018382084051,59.9626681944714,102.33214991216764,-0.6176518954343502,A
0.5222432600548044,0.8721239089441515,45.06243416838687,99.82179258851258,-0.31607285602704976,A
0.7699935530986108,0.9321182824836124,34.434181013402494,91.92434092047245,0.6157711497711416,B
0.21582102749684318,0.5651331835892089,45.718848390340874,105.82369677228586,1.2038844371688162,B
0.6228904758190003,0.6966508238768923,65.00759790634311,96.32704211600975,-0.13944627568099954,A
0.085347464993768,0.9224993811772957,58.50221742113493,95.9487378149281,-0.4501892648514116,C
0.0516817211686077,0.7072386343133986,46.51347865592141,101.00284598615471,0.0005279588565972928,A
0.531354631568148,0.15253904291426135,46.50742295681571,105.74318674714358,0.6012067489291149,A
0.5406351216101065,0.5762883601668132,46.783649487826175,94.92089090510801,-1.4438548161335418,C
0.6374299014982066,0.6067150463828559,70.76747983560841,100.30839924923986,-2.296180953137238,C
0.7260913337226615,0.424130671302386,53.819354522315535,102.14408250165286,-0.5505368494915835,C
0.9758520794625346,0.7364442356247228,54.300416471910694,103.46552803631572,-1.2207124259141586,C
0.5163003483011953,0.9343670147690148,60.30283454031842,100.88220777638612,-0.5081401976473109,A
0.32295647294124596,0.9255685129067763,52.387891590265134,98.16486080458338,-0.14778031881747153,A
0.7951861947687037,0.4508393714041321,47.40957854179297,95.8620488967564,-0.4532484090230134,B
0.2708322512620742,0.11323804584075525,48.03650150915022,100.43071941523188,1.4524675344707454,A
0.4389714207056361,0.9848411989623346,49.283987405859364,94.63930494007197,0.32674476460232005,C
0.07845638134226596,0.8388980864459341,49.627777634901584,85.39324758252697,0.30047435961082836,B
0.02535074341545751,0.12466268120326685,57.2762954363698,102.18279902078834,0.6222071440434019,C
0.9626484146779251,0.9208418826173723,50.519458858072994,104.51967420543097,-1.1388331177807691,A
0.8359801205122058,0.8698963620621283,57.32640077215579,88.1853378222908,1.0391117874202687,B
0.695974206093698,0.5188380571260721,49.19283419891418,94.95134647645031,-0.07576428653545988,C
0.4089529444142699,0.5912754357449292,50.786351903160906,103.09577130502599,0.6704806172412126,B
0.17329432007084578,0.39900270387013026,30.017993154678923,110.2874773485585,-1.0718572330401555,B
0.15643704267108605,0.05476163882203133,59.16327674702482,100.10396853837705,-1.5537587660160643,A
0.25024289816459533,0.3351972416459009,53.46488475897993,96.35998529385432,0.8178896580250287,C
0.5492266647061205,0.8028534485980114,59.98010109859652,99.0855177944758,0.3764095260975166,B
0.7145959227000623,0.004632023004602859,21.037446218063106,106.87438209574093,-0.9020515543575104,B
0.6601973767177313,0.3334991716911442,70.88374704780728,96.77017910437732,-0.8696630812746944,C
0.27993389694594284,0.3981686935909433,48.604103718448265,96.00403996674873,1.1254347844147694,B
0.9548652806631941,0.5373956029379229,61.081828167375164,97.58628238908983,-1.1894118928673278,B
0.7378969166957685,0.9198556164127605,39.60094072874469,95.23335695870644,1.6426729532559634,B
0.5543540525114007,0.34634599436596125,56.1277390506257,100.61335157997398,-0.9006207346478687,C
0.6117207462343522,0.3469532018962277,39.46584436826344,108.1233922923478,0.638391925608383,C
0.4196000624277899,0.7375012481097484,43.76231039304195,101.61539636558014,-0.3286184757489846,C
0.24773098950115746,0.45221794088980716,69.14031353866787,98.73823248936856,0.6031874310823431,C
0.3559726786512616,0.22460482293998196,48.09317599236653,98.54094365542228,-0.5441140021141926,A
0.7578461104643691,0.4524395161326934,52.17432873179723,92.18404595651671,-0.1627929060722942,B
0.014393488629755868,0.14085702037979986,58.70067730688754,104.4155488857358,0.04091917539572113,C
0.11607264050691624,0.1763869865062233,54.95681887972604,99.610814014936,-1.0021874557814727,B
0.04600264202175275,0.49836777273947974,51.504189051435766,99.09760043204687,0.7408243454201259,B
0.040728802318970136,0.4189254495045479,53.64961002466225,115.96553783922431,-0.5132135664715852,A
0.8554605840110072,0.9148459010681,74.03415585238275,101.49376454182843,-0.22859991534001858,C
0.7036578593800237,0.3623938991166331,49.42381202966415,96.24104474952408,-0.9943493746085122,C
0.4741738290873252,0.5805883502780435,52.010990467149675,97.86821201897229,-2.5623336587953105,B
0.09783416065100148,0.6322642879195304,60.50654396007612,105.74222854598378,-0.19102776260016902,C
0.49161587511683236,0.013094456588333636,61.05525932957984,100.56635205268883,2.412615421612916,B
0.4734717707805657,0.6635373720167106,61.8703030556038,92.80861010841316,0.7846042878980238,B
0.17320186991001518,0.17803596686975143,56.38730222029184,104.59614467287602,-0.01926037973439464,A
0.43385164923797304,0.9610703174694551,38.569950872695166,96.65927957230502,-0.2628908292082677,A
0.39850473439737344,0.14866272775311296,66.33431532301096,109.36648888108773,0.02246589281204638,A
0.6158500980522165,0.41462412372702373,38.53654606981312,105.40024032857325,0.54711911517521,B
0.6350936508676438,0.08534966807864386,53.02635465239033,97.76339052170624,-1.1808128153088449,C
0.04530400977204452,0.9968742518459474,42.45724149980642,106.40508180867556,1.114321694668872,A
0.3746126146264712,0.5021950103312426,49.35861653407007,100.33927755263701,0.7153813154412441,C
0.6258599157142364,0.5953850173200438,53.2876241030348,104.2638683756111,0.7181857257079345,A
0.5031362585800877,0.06707647738842748,53.21357215450273,102.42366408647237,0.4384757388097273,A
0.8564898411883223,0.7499604703991778,54.21920754235285,95.76821672504563,0.019616657693989903,B
0.658693631618945,0.20990559309558576,66.13711269058646,96.7822508384127,0.6728612359668199,A
0.1629344270814297,0.8980542894407137,54.5353430151398,105.1498040879058,0.591814133741378,A
0.07056874740042984,0.20513964048200717,47.558433647093516,98.3261233394673,-0.3540407109410238,B
0.6424192782063156,0.19068772066366657,59.64087168288357,97.98175768379002,-0.573601772896901,C
0.026511310541621813,0.03654966784809488,61.894704889246405,95.22438710325324,0.1018562952619867,A
0.5857755812734633,0.47206694510999925,37.72392184863008,102.11799532796731,1.5490201514951873,B
0.9402302414249576,0.5648411332626164,55.97400069849858,110.31262459621573,-1.2391070756539009,A
0.575474177875879,0.06570863942835237,57.01172742310898,94.66233542872864,-1.46752526575244,B
0.3881699262065219,0.7755276166950106,47.02436496640008,100.1210972833638,0.16476084123651674,C
0.6432882184423532,0.4532888347480276,63.75706813311619,107.06110277707714,0.05088770185601806,C
0.45825289049151663,0.52439026932758,48.499444129674735,99.60179304377142,0.1733416643704082,B
0.5456167893159349,0.44076274693822814,51.255764534715425,102.26185898124866,0.24395319790850026,B
0.9414648087765252,0.400763060875326,48.2692817571613,94.6880323592656,-0.22320225463480511,B
0.38610263780077425,0.5596403313082179,50.155790475814676,102.14153548603824,1.4898634386020821,C
0.9611905638239142,0.1552402459307125,39.037249131047986,99.06427867497726,-1.6009039784765156,A
0.9053506419560637,0.18192813049527112,35.59949117405706,104.92864997839932,-0.828497024780246,C
0.19579113478929644,0.8617856210135173,65.94505063224972,105.93693025782376,-0.10325476014904739,B
0.06936130087516545,0.9461154621336327,41.53038651681672,112.94781821009308,-1.6431888111541673,B
0.10077800137742665,0.37330931627975295,40.08607650543693,102.89816586606788,-0.17585440443207118,C
0.018221825651549728,0.27074467314355377,28.466098863962852,101.62898158291084,1.6614701657280182,B
0.0944429607559284,0.6439995432390158,43.610382523104974,100.97192150788668,0.020886488295961788,C
0.6830067734163568,0.4087341710980964,36.76910206592502,98.23416853594655,0.23070090571868349,B
0.07118864846022899,0.02538635566034486,66.4201516013637,101.69241921730845,-1.2601647651725802,A
0.3189756302937613,0.15615259736619036,60.09817089342634,98.52299294930485,-0.6163614080394775,A
0.8448753109694546,0.7159722288473975,43.118496548222765,100.84230488134807,-0.375196380323937,B
0.023271935735825866,0.6589239419101514,72.52435805344308,106.5879876780398,-0.31771509675623405,C
0.8144684825889358,0.02709599250348349,59.81765486991594,94.96728717360179,1.2816437950037687,A
0.28185477477339993,0.22197216193294944,46.75168616491378,105.69939280564523,0.5576910607251245,C
0.11816482762165625,0.2310747965880714,25.00594285126427,106.58557533669932,-1.111457956937032,B
0.6967371653641506,0.6718927435987284,72.90942572590743,99.40965736504461,0.24650477843200488,C
0.628942846779884,0.019710537754364155,36.10427533236404,89.39072550495703,0.49822174849678513,A
0.877472013527053,0.10410858198457384,33.546012530431085,96.96089006452783,1.1401490385212665,C
0.7350710438038858,0.7999160853731894,60.225704320096405,106.48497273280555,1.5805406865683735,C
0.8034809303848486,0.1785446620543336,74.39752406339272,99.88565968850558,-1.0150941918278686,B
0.2820345725713065,0.6527461078518747,63.84272818510518,95.00348883852544,-0.8108575112103382,B
0.17743954377972282,0.23818278104672652,55.639091200523595,97.47612539385891,-1.2575778589146163,B
0.7506147516408583,0.09944139275934516,55.94754341665286,104.20310013252276,-0.23401985910698136,A
0.806834739267264,0.24317219099945409,58.53415558780308,102.73366784100689,0.4663583744463345,A
0.9905051420006733,0.7222669318556592,57.589285897867654,98.80533950415153,0.9873345165891019,B
0.4126176769114265,0.8556964681062857,52.811914239693756,98.16587794092656,-0.07595102364252276,B
0.37201808579278317,0.8302198645669916,51.04201103951876,98.0412092547809,-0.31984752325484395,A
0.7764129607419968,0.3971835296184548,49.374068721004775,95.38794907750749,0.15175799224874037,A
0.34080354025301784,0.6680851365706462,42.46035411133324,108.07687844734721,-0.835142901630023,A
0.9307573256035647,0.20498429541582097,47.19324923133226,98.3883976539433,2.0895387216947734,A
0.8584127518430118,0.29314773026101326,33.07043185804615,106.08579260412748,-1.6076610271180587,B
0.42899402737501835,0.8963358185211198,49.0166037320525,107.60658025961226,0.18474057889572446,A
0.7508710677914974,0.013001923510736035,40.11408892849083,104.9915544907398,2.0236062192296393,B
0.7545428740846823,0.08550853085446808,38.964106827842286,97.84189843640976,0.006799844559997769,C
0.10312386883593261,0.20788625514602732,51.798941511534785,102.01865045168304,-0.19003903500149447,C
0.9025529066795667,0.026532203873819715,63.92002286344599,99.87902196804542,-0.3574454228104272,A
0.5052523724478571,0.18143543508979731,59.183166060023126,95.48149069634935,-0.18039168176240783,C
0.8264574661077416,0.5830415609696922,34.29499396376823,101.62179640860802,1.3728484746765302,C
0.32004960103061175,0.42142455059249795,40.10371863429663,94.10480104420098,-2.211861911329507,C
0.8955232284962005,0.8926717110769748,59.40771187988216,105.93839694230782,1.5334337012963255,A
0.3892016787341631,0.8174435617384409,40.175126064616904,97.67691351350804,-1.423957152450145,A
0.01083765148029836,0.34181735169787597,47.753668500029754,101.0057982793642,-0.2666523292344148,C
0.9053819764192637,0.2594234334312925,55.50052099024552,101.41643935773071,-0.42924442029866183,B
0.09128667678613356,0.3796924081672669,40.31655545136365,98.70547513147962,0.5885532697707198,C
0.31931363759041487,0.5902949425148077,51.0537550614596,102.93346900737637,-1.5981243518837476,A
0.9500619670508049,0.26806364082287626,36.65974505081795,97.62548171688738,0.46217266608194285,A
0.9506071469375561,0.624148907849134,43.98632356048786,104.35648648728622,2.0243096232868525,A
0.5734378881232861,0.4094116521912404,53.19781934142537,93.27010159876626,-1.3631740045928105,C
0.6318372121697993,0.5520471808519802,34.070062664683306,100.63189789773206,0.18970616761039566,B
0.44844552197831977,0.4361265291353167,54.40474737960399,109.69464499529143,-0.6619821777966091,A
0.29321077169806453,0.29446575954191767,49.803622010733186,94.99834337697213,0.42588720619303577,A
0.32866454536991596,0.9484533069621567,55.524899544171475,96.61127514737575,0.01914777741575206,C
0.6725184560770384,0.7636057941597608,52.23914134064661,102.56953924829457,-0.6414869090443096,B
0.75237452943768,0.14011317576645255,63.64140429973844,100.89790890969799,0.487872284871074,C
0.7915790437258485,0.8684679758979128,51.25224502647907,101.7531504963678,1.804348109786743,A
0.7896181427945539,0.48743119824951364,45.70594458874747,102.44593565073832,-0.19090379172729868,B
0.09120610304869037,0.8945522268940914,51.222975030322836,103.17360734280885,0.7197579421481819,B
0.49442030470258147,0.7998552559473152,55.43298029036388,105.54849920978111,-1.2932729578711637,A
0.057558760016644284,0.42521350446923345,50.48860070325704,102.04909328464257,-0.9564363768180087,B
0.5495288823237355,0.022469308320117398,50.405916912038826,98.79371172690729,0.47240627788037737,B
0.441530501373377,0.2686773593849461,42.980083121932445,103.36286850601365,1.484116028535965,C
0.8877041827582998,0.5416342146608669,43.37099082449052,109.49940967447608,0.35561334878566,A
0.3509150125520787,0.6334782198261473,35.97394728200307,99.33683126808714,-0.31305803052315434,A
0.11706701642760586,0.2578876854332023,67.4957674318694,95.12735347664679,-0.0007085945766459172,A
0.14299168205283586,0.13935607407282413,37.56136764608715,105.53540334643486,-1.2504077339697175,A
0.7615106317174722,0.8349302367992991,43.07094802204092,99.39809418023201,0.6045153263553668,A
0.6182180633162611,0.9844021807035521,42.81592734430802,89.13665226992981,0.8823330623234091,B
0.10112267612279024,0.5256901823026858,58.949243769444415,104.23710838575211,-0.45209033283308037,C
0.08410680611499743,0.1716792858483035,47.05050321707972,97.32335907023038,-0.4700421477595015,A
0.70096913145912,0.27230732651936895,62.477420726737336,99.54733358847919,0.2658782296520485,C
0.07276300636419353,0.018390676547466733,43.26509375756132,101.65990165284508,-0.4367197360405955,C
0.8218600592903562,0.914298806560499,52.78994162223802,100.95249839889533,-0.06613261462582246,B
0.7062422271564962,0.11775108289014113,41.64652946740243,103.5472590856952,2.0997217891665154,A
0.08134878064189976,0.5765164755142536,71.45149127773388,97.82256814715079,-0.24702570074599667,B
0.08483771408519192,0.274055220687206,38.12401580970487,102.56552899088041,-0.3583401520212222,A
0.9866395785011755,0.5541780025157934,53.09820710227027,98.70226661208041,-0.6475418056351592,B
0.3742707957561203,0.6514203883518642,56.337768809320984,103.69405240443751,0.7441919714999368,C
0.3706421470668909,0.8297418037072016,54.137990974514985,103.07683742006526,-0.181224173218103,A
0.8127995672575026,0.2064212717606032,48.147123411222914,95.32280648977702,-0.649373038321426,C
0.9472485773838587,0.010995828658480478,48.70179300266574,105.42991058087516,1.321304032273012,C
0.9860010638228709,0.13688563006880727,50.438114719791095,97.32018277442975,1.4196030045136372,B
0.7533781852589416,0.9000186418481051,48.529979983715116,104.04028899140573,-0.6004235657387051,A
0.37625958553091576,0.8738900775625152,59.638791167949094,101.8364365670067,-1.8665399513606162,C
0.08350071669866876,0.5974131021703083,72.10523001591352,109.19091838397561,1.0075136898369221,B
0.7771469159274368,0.6005168604336534,44.425082149921664,98.88267008814074,-0.684629825760004,A
0.558404249735805,0.6650366745462555,36.301970204209226,98.25341601940902,0.7906255991627686,A
0.4242220092469763,0.1753712786234496,49.117179516487454,99.90290197056133,-1.9701038177118355,C
0.906354385094736,0.9144119459249598,75.79709337654319,98.48410108582863,0.8925973382993092,A
0.11119748230615134,0.4187705248920731,41.963254320302696,103.99970950971024,-1.2111719292807812,C
0.49262510429085915,0.38313852824949746,66.39116805444067,91.91844695781705,0.7307641190665245,A
0.011353644767419069,0.5189177052828375,66.77700814076441,94.73158790426822,0.014273067836434106,B
0.46866064199412627,0.046965966775055046,44.46411758292005,94.66098539210404,-0.9539394193966448,C
0.05630327568183735,0.1662833687560794,55.689830791852756,104.75153795986787,-0.4070363129267805,C
0.11881791626807192,0.7380336164263704,66.28396623128538,108.55306686290963,0.6863184569567008,A
0.11752624677710488,0.08279866792512647,46.20872259012513,99.47775390731265,0.10589445311523424,A
0.6492103021160636,0.6031521094663882,47.964196398976384,99.15589138404995,0.5844129804724842,C
0.7460448792654233,0.24534910968132095,44.18319086051356,100.3502608155659,1.9764405845154855,A
0.5833687650971596,0.38929561404197655,39.852432693071336,105.80939151304095,-1.5642416117110514,B
0.9621725484745419,0.28869373677069987,43.50722454933993,95.36323432904713,1.617212574968624,A
0.37487057952370406,0.35567271646494913,37.760597332377436,101.19184491367392,0.10435593752321293,B
0.28571208628186073,0.7190459051842455,50.34083468259226,104.87598814891214,-0.8987840483231282,B
0.8685991281894603,0.297121715623175,42.30026768941358,102.50547084969922,-1.3303136257389898,B
0.22359583851945264,0.5664046402968972,52.33785911790748,100.94790808299372,-0.1891203907770335,B
0.9632225394406113,0.47605040219909966,34.44104353796373,105.00523046283571,0.9216501119244593,B
0.012154474689816341,0.6636711653626481,53.30880232214457,86.48383853500381,-0.12754912037753421,A
0.969878826707639,0.936829739324758,58.33528961608925,103.38937659765453,1.5111549302473475,B
0.04315991195057611,0.7325720972102503,30.062643574285445,96.72962158436287,-1.4511756900515589,A
0.8911431136980711,0.21494037859075676,53.74056569847572,90.84683551571771,-0.01208894784605456,B
0.5277011090862999,0.031183135061284672,62.27668992473292,102.5560129976249,-1.252393444413119,C
0.9929647961193003,0.2622640442998251,37.90358981308795,106.86829272581478,0.3636318826249679,B
0.07379656473539886,0.5950779307002548,66.72572386837703,99.31275742686154,0.8868873900973003,C
0.5538542844013208,0.05142581348425035,54.190190093660455,104.76437273601469,-0.42076179368105326,B
0.969302535619099,0.49636624720123634,42.949881442415915,108.06139128994323,-2.6042138566271342,B
0.5230978441701488,0.5968428489168892,49.44230922342294,106.57457226792023,0.19894814679649453,B
0.6293986381352625,0.3342438908169608,55.58326912521722,108.19982264685697,0.4367385517335095,C
0.6957486889846172,0.7709122037458219,50.760053914124114,103.71063745535946,0.40429475496169764,C
0.45454106476777323,0.1065982531337718,55.387559924463694,100.37716819450796,1.235782191822154,B
0.6275580800840634,0.07513778173580876,40.79326406920634,91.99017094051416,-1.0710536796490489,A
0.5843143119231002,0.7281887562036033,51.69360824036078,98.76968755935026,0.6802161054504494,B
0.901158010490989,0.49549131620619846,35.8628550309502,95.78376702341905,1.192507512477975,C
0.04544638034145787,0.688402396427736,48.887739386513,110.85471358748907,-1.7785875840065168,B
0.2809631895922303,0.4348273386037462,40.960923585352106,99.12057093783832,0.31965182591897723,C
0.9504114840765587,0.2464020332391068,42.64470057410233,100.61602403392243,-0.5041798310076715,C
0.8902637838909163,0.8191023176741997,62.36093175210438,102.75742688020233,-0.08152267310164589,C
0.45565675278571294,0.7994158789689793,60.91310120594269,100.21801223186228,0.34767648353833636,B
0.6201325978015367,0.6946964708544268,56.09138120907177,108.47525520215376,-0.4872285641135523,C
0.2773811829811327,0.2721451372299627,39.07687235327421,96.88675319132774,-0.6757080791616118,C
0.1881211597237613,0.5902306668690871,46.83591550305198,100.97303727618622,0.0341524174880246,B
0.46369840493998216,0.3609738969400268,62.130976999791834,96.28764707150975,-1.0872459388628026,C
0.3533522280260528,0.09158207332663415,51.417169136399046,93.39988744389647,-1.0858251288851855,B
0.5836561118508721,0.9173135754622428,73.19329539981695,96.94115454547358,0.6793732829565033,C
0.07773463696498484,0.1368186309189614,53.93317839394372,99.81481601475794,-1.148794035158656,A
0.9743948076661665,0.9502373538208024,51.92049116490031,97.8534888774137,0.6663125009092119,A
0.9862107444796029,0.44600577295795574,46.908835357974986,96.53789510063072,0.4625912928539512,C
